-2.9431191136726333
-4.740899562183333
-6.938489358482894
-9.508120995830811
-12.50113517089612
-15.858379566219382
-19.607567794491338
-23.792095984728757
-28.376473280745227
-33.36076845673716
-38.689794155774294
-44.41093283319219
-50.52421828071932
-57.02963380864903
-63.99810709465582
-71.29161613521008
-79.05597269665319
-87.22017954679075
-95.6974861056552
-99.9922131282888
-99.988618693995
-99.98585290066312
-99.98366350509806
-99.98175979734765
-99.98006409320949
-99.97861234786188
-99.97508012602606
-99.96957899219872
-99.96260711788378
-99.95538574327749
-99.94927253539291
-99.94449163227337
-99.94105371999142
-99.93878801119565
-99.93748425425753
-99.936394681311
-99.93391537756104
-99.92955393487932
-99.92648736567493
-99.92547130994504
-99.92541135592022
-99.92612554440353
-99.9275200546759
-99.92751992476371
-99.92751987803399
-99.92751982979213
-99.92637821250217
-99.92508272743702
-99.92392442490133
-99.92331526043384
-99.92387999517913
-99.9254252006463
-99.92729479565459
-99.92751969400474
-99.9275196249649
-99.92751955630146
-99.92616614683742
-99.92507491552557
-99.92360501468796
-99.92280847673956
-99.9229910630332
-99.92447221179611
-99.9260304010724
-99.92573307159898
-99.92496905452647
-99.92513125296549
-99.92605597612251
-99.92751427583656
-99.92751423624802
-99.92751419689156
-99.92751415775011
-99.92603468461517
-99.9248276829504
-99.92371445201506
-99.92336266852155
-99.92421858235528
-99.9258122898464
-99.92750598132399
-99.92750602174809
-99.9275060481932
-99.92720521707949
-99.92588559966879
-99.92480582244933
-99.92333840229577
-99.92273119179596
-99.92320160265861
-99.92488631123773
-99.92642310369186
-99.92546037924944
-99.92494810927876
-99.92528441980473
-99.92637892008014
-99.92751852571213
-99.9275184630102
-99.92751840066285
-99.92723785560368
-99.92572814121735
-99.92454919808735
-99.92352923536598
-99.92344478177601
-99.92462242813214
