-3.0277129831912837
-4.876340037704251
-4.876340037704251
-7.13670801743952
-7.13670801743952
-9.738775134180887
-9.738775134180887
-12.73265757991406
-12.73265757991406
-16.20803749292441
-16.20803749292441
-20.0951048680255
-20.0951048680255
-24.28416908978129
-24.28416908978129
-28.865272617759747
-28.865272617759747
-33.96785654137667
-33.96785654137667
-39.343008404609584
-39.343008404609584
-45.11026361728589
-45.11026361728589
-51.26956181485795
-51.26956181485795
-57.9896809869525
-57.9896809869525
-65.12167717334263
-65.12167717334263
-72.47666769673238
-72.47666769673238
-80.22376149322554
-80.22376149322554
-88.36298596452457
-88.36298596452457
-96.89430716044512
-96.89430716044512
-99.9726178436231
-99.9726178436231
-99.97221322323743
-99.97221322323743
-99.9717600431533
-99.9717600431533
-99.97112324403425
-99.97112324403425
-99.97032421210714
-99.97032421210714
-99.96940900670631
-99.96940900670631
-99.96844689715309
-99.96844689715309
-99.96720284697831
-99.96720284697831
-99.96559181008523
-99.96559181008523
-99.96398859943257
-99.96398859943257
-99.96193459447056
-99.96193459447056
-99.9593199204275
-99.9593199204275
-99.9553132700158
-99.9553132700158
-99.9493293882444
-99.9493293882444
-99.94470177707672
-99.94470177707672
-99.94135644713819
-99.94135644713819
-99.93884409460662
-99.93884409460662
-99.93662868047217
-99.93662868047217
-99.93440635714714
-99.93440635714714
-99.93264521052251
-99.93264521052251
-99.93154220039125
-99.93154220039125
-99.93099102033833
-99.93099102033833
-99.93114719963062
-99.93114719963062
-99.93115413657117
-99.93115413657117
-99.93112705388653
-99.93112705388653
-99.93105692223368
-99.93105692223368
-99.93085193268327
-99.93085193268327
-99.93071355909727
-99.93071355909727
-99.93057523251561
-99.93057523251561
-99.93057523251561
-99.93043328723016
-99.93043328723016
-99.9302770400337
-99.9302770400337
-99.93012861272022
-99.93012861272022
-99.93003705004301
-99.93003705004301
-99.92998125364701
-99.92998125364701
-99.92994517689873
-99.92994517689873
-99.92992396769615
-99.92992396769615
-99.92990947222054
-99.92990947222054
-99.92989604258517
-99.92989604258517
-99.9298826082108
-99.9298826082108
-99.92986933122319
-99.92986933122319
-99.92879705376657
-99.92879705376657
-99.92670342058113
-99.92670342058113
-99.92496389216345
-99.92496389216345
-99.92352655860566
-99.92352655860566
-99.9224770004041
-99.9224770004041
-99.92185528854588
-99.92185528854588
-99.92203295042533
-99.92203295042533
-99.92342684485057
-99.92342684485057
-99.92573493680506
-99.92573493680506
-99.92754231386833
-99.92754231386833
-99.92754072354091
-99.92754072354091
-99.9275405374083
-99.9275405374083
-99.92754035229954
-99.92754035229954
-99.92754016821372
-99.92754016821372
-99.92753998514763
-99.92753998514763
-99.92753980309038
-99.92753980309038
-99.92753962204084
-99.92753962204084
-99.92753944199023
-99.92753944199023
-99.92753926728652
-99.92753926728652
-99.92753908918239
-99.92753908918239
-99.92753891206682
-99.92753891206682
-99.92753873593381
-99.92753873593381
-99.92753856078097
-99.92753856078097
-99.92753838659657
-99.92753838659657
-99.9261210659089
-99.9261210659089
-99.9245917543858
-99.9245917543858
-99.9245917543858
-99.92323495441711
-99.92323495441711
-99.9221359333455
-99.9221359333455
-99.92122719250723
-99.92122719250723
-99.92055929695992
-99.92055929695992
-99.92030969432045
-99.92030969432045
-99.92116159962427
-99.92116159962427
-99.92320571144735
-99.92320571144735
-99.92598199032656
-99.92598199032656
-99.92753461145803
-99.92753461145803
-99.92753445905964
-99.92753445905964
-99.92753430749866
-99.92753430749866
-99.92753415677866
-99.92753415677866
-99.92753400688804
-99.92753400688804
-99.92753385782802
-99.92753385782802
-99.92753371319478
-99.92753371319478
-99.92753356575531
-99.92753356575531
-99.92753341913092
-99.92753341913092
-99.92753327330155
-99.92753327330155
-99.92753312828657
-99.92753312828657
-99.92753298407033
-99.92753298407033
-99.92753284065385
-99.92753284065385
-99.92753269804221
-99.92753269804221
-99.92690826637994
-99.92690826637994
-99.92526844364882
-99.92526844364882
-99.92381555899757
-99.92381555899757
-99.92264293704615
-99.92264293704615
-99.92163549717269
-99.92163549717269
-99.92083661438738
-99.92083661438738
-99.92032724808956
-99.92032724808956
-99.92061481570589
-99.92061481570589
-99.92212793119815
-99.92212793119815
-99.92479532857766
-99.92479532857766
-99.92744888334511
-99.92744888334511
-99.92755760194525
-99.92755760194525
-99.92755760194525
-99.92755732259027
-99.92755732259027
-99.92755704477422
-99.92755704477422
-99.92755677521379
-99.92755677521379
-99.92755650042554
-99.92755650042554
-99.92755622715363
-99.92755622715363
-99.9275559553944
-99.9275559553944
-99.92755568513616
-99.92755568513616
-99.92755541636771
-99.92755541636771
-99.92755514907512
-99.92755514907512
-99.92755488326424
-99.92755488326424
-99.927554618926
-99.927554618926
-99.92755435605626
-99.92755435605626
-99.92755409463905
-99.92755409463905
-99.9260207869514
-99.9260207869514
-99.92450273605468
-99.92450273605468
-99.92317979158831
-99.92317979158831
-99.92208564351044
-99.92208564351044
-99.92117886554152
-99.92117886554152
-99.92049340979175
-99.92049340979175
-99.920319552798
-99.920319552798
-99.92141714145875
-99.92141714145875
-99.92349762813073
-99.92349762813073
-99.92634588590657
-99.92634588590657
-99.92757756262473
-99.92757756262473
-99.92757718263915
-99.92757718263915
-99.92757679518205
-99.92757679518205
-99.92701342467855
-99.92701342467855
-99.92573602664051
-99.92573602664051
-99.92449154710668
-99.92449154710668
-99.91928576300518
-99.91928576300518
