0.008263864372222934
0.010385612593687785
0.012031648264003268
0.012193809328151445
0.006100116958511369
0.009934982540354942
0.007884461459095791
0.006300166453037072
0.0058669589463293285
0.003488655669856995
0.0078082910415089015
0.009491665405217807
0.011319741687483108
0.012361611999029298
0.006426788204779131
0.010516003215729581
0.008503156153199987
0.006376261663419802
0.004584751987650333
0.00500733344128688
0.00500733344128688
0.008892046084207041
0.008892046084207041
0.008830468077765788
0.008830468077765788
0.009124142313100303
0.009124142313100303
0.009280432809483943
0.009280432809483943
0.00505722212548212
0.0035285671887411783
0.0035285671887411783
0.015399317685630968
0.015485669978865952
0.015418919748832615
0.008238885723050142
0.015480243811425248
0.015483572373799733
0.0034991533378697518
0.003245870730494062
0.0015583204421254786
0.0026613466423917537
0.0024300034175167777
0.0021800123003873216
0.0019792118854088394
0.0009952009941429879
0.0018237503472500116
0.0018463376304195607
0.0018741681217088048
0.0019035842025107517
0.0010282925688032572
0.001967203694767201
0.001983941839655516
0.0019352021529083227
0.0018863204263136482
0.0018863204263136482
0.0009834643331498476
0.0018298967720932107
0.0018120395743625442
0.0017965605845663903
0.0017830867844665984
0.0009417057749030671
0.0017524161706847705
0.001721460135866643
0.0016482682495134824
0.0015341182322898723
0.000756294611027293
0.001314398580551818
0.0012083986179843773
0.0011048595675220492
0.001047333532512133
0.000549845939863498
0.000549845939863498
0.001035559819023202
0.0010811287960593532
0.0011245971132089975
0.0011695741105643962
0.0006453517791306511
0.0012583744966427886
0.0012884784899438706
0.0012740105987896037
0.0012612239987646325
0.0006717652127681385
0.0012667008590946363
0.001269857313729504
0.0012734774853560822
0.0012773849110319568
0.0006813557530636589
0.0012695885814248758
0.0012575068365403147
0.001208645680506895
0.0011412391755941684
0.0005713571181262024
0.0010098555041675743
0.0009457356404285422
0.0008796213452569496
0.0008470033588237379
0.00044329653872459996
0.0008593091629076348
0.0008888858844575112
0.0009179282737485829
