-1.3897257701919283
-1.9224002711362822
-2.4786702155069755
-3.0513556906611212
-3.6525727022658914
-4.272350858808147
-4.917328602887022
-5.594446483874969
-6.297484505796781
-7.026564147105584
-7.773594035470387
-8.544292371786572
-9.33758314607937
-10.154563125505884
-11.004981063950915
-11.871364473894612
-12.769871433686093
-13.691733312121427
-14.628391230589664
-15.598992010325558
-16.584708805570227
-17.595937802875085
-18.634193527201838
-19.700337027607667
-20.80185099270213
-21.909582473409436
-23.04714434221274
-24.211185623627642
-25.404373713976717
-26.625855941955752
-27.87343360157197
-29.144483697649864
-30.437138782351113
-31.752251142097744
-33.09213749719574
-34.45827419043352
-35.85135527301939
-37.27155262997126
-38.71708566737686
-40.18483300481241
-41.67464990057033
-43.17430940647191
-44.71470520559805
-46.279647706109266
-47.868213146658476
-49.48030341731359
-51.11622592594855
-52.77676552501235
-54.46270307331593
-56.174608142051355
-57.912457523789435
-59.67613124166321
-61.465737837915476
-63.28106980077368
-65.12114435180433
-66.9842851379695
-68.86969064964937
-70.77812136475825
-72.71109557208919
-74.66967543349274
-76.65423518428284
-78.66504054688895
-80.70243840699902
-82.7661125014287
-84.85426848598037
-86.96434569796492
-89.09601396083372
-91.23060951672136
-93.41267444136575
-95.62035278347717
-97.85231240139562
-99.90996562529031
-99.60280246262965
-99.33176829718015
-99.06993339870832
-98.85373770310629
-98.64187047324593
-98.45846525513096
-98.30538248263186
-98.1754332827869
-98.07304394242284
-97.98790012638223
-97.93614753375262
-97.89975865031991
-97.89908579424143
-97.91193865431627
-97.95803548155709
-98.02250113577578
-98.11037355097139
-98.23542243255118
-98.37833930157696
-98.54090424645523
-98.73009267030884
-98.94624872436172
-99.18796341094125
-99.45292856631572
-99.7419449331878
-99.91642962417278
-99.90374650983428
-99.9018180574078
-99.90692952392352
