0.00035067724078894074
0.0009275967074682104
0.001845002771657598
0.003053994932407033
0.0044307656336740305
0.0029677867364706146
0.005640584321304866
0.007167855827854215
0.01046895218720726
0.013766246256094655
0.007937656515682305
0.014692593368376921
0.015882794066402483
0.01619483064921996
0.008222769865975282
0.008098998109813677
0.01657447308312529
0.01792122104602573
0.01776007758343285
0.009138252663018261
0.01585875168374533
0.013555870139985583
0.011194816361375351
0.010054276672873414
0.0051026987724204255
0.008393477144496503
0.0068191707868002615
0.005637644623271794
0.005102820445651652
0.0027587293346751397
0.005981589067280939
0.007691185113218857
0.009896576690746246
0.011549477124540138
0.006299890898761221
0.011147153757894197
0.010798479706025283
0.010044322102483154
0.00873232082190186
0.004780375230082505
0.01248184959832121
0.01740881170735884
0.019709743616513644
0.01930282281433033
0.009780520205977318
0.01732035581829183
0.014502512752273032
0.010947615382741879
0.009161040911218655
0.005118333336660687
0.010258650966003426
0.009488828235627165
0.008319867299054514
0.007523341692681537
0.0038505696496706583
0.007423615646128832
0.007709388016838712
0.0072961566150491295
0.007981276893647742
0.005572231400588112
0.013230997492224665
0.014419804446052394
0.014140207028678112
0.014529434392170684
0.008080501396649821
0.014637377705289742
0.01326103165297679
0.012495051166159347
0.013215572891268174
0.007793309850255543
0.014933579367352666
0.12028414828531743
0.44801205812422185
0.7636354835267279
0.5719554733315337
1.3790548171299295
1.6754472656858885
1.8739230844025683
1.8455646681668991
0.9550747171443136
1.7166338420741616
1.6236546731297288
1.507984436242885
1.3535345718025251
0.6296723169648243
1.0280843617707096
0.8839992831098865
0.7373471334007925
0.5963131157492905
0.24570854461976396
0.33075908085204764
0.21995322964409705
0.13110586192985985
0.06683277007550177
0.015134341447154243
0.017345436437994043
0.023808042939475246
0.03060301786951974
0.03333681382163036
0.017993235059668006
0.03293224300833439
